goodp{1} = [1 1    1 1 0    0.4486    0.5244    0.1715    0.1307    0.2188    0.1055    0.1414    0.4570    0.7881 0.2811    0.2248    0.9089    0.0073    0.5887    0.5421];
